% -------------------------------------------------------------------
%  Generated by MATLAB on 8-Dec-2020 18:48:14
%  MATLAB version: 9.8.0.1451342 (R2020a) Update 5
% -------------------------------------------------------------------
                                     

av_TOA = [0.12177842565597667; 0.633265306122449; 1.1447521865889214; 1.6562390670553937; ...
          2.1677324263038549; 2.679216067379333; 3.190706187236799; 3.7021963070942663; ...
          4.213683187560739; 4.7251733074182045; 5.2366634272756718; 5.7481503077421445; ...
          6.2596404275996118; 6.7711305474570782; 7.28261742792355; 7.7941075477810173; ...
          8.30559442824749; 8.8170845481049565; 9.3285746679624246; 9.8400615484288956; ...
          10.351545189504375; 10.863038548752835; 11.374522189828312; 11.88601230968578; ...
          12.397505668934242; 12.908989310009717; 13.420479429867186; 13.931969549724652; ...
          14.443456430191125; 14.954946550048591; 15.466436669906059; 15.977923550372532; ...
          16.489413670229997; 17.000903790087463; 17.512390670553934; 18.023880790411404; ...
          18.53537091026887; 19.046857790735341; 19.558347910592808; 20.069834791059282; ...
          20.581324910916749; 21.09281179138322; 21.604295432458702; 22.115785552316165; ...
          22.627278911564627; 23.138762552640106; 23.650252672497569; 24.161746031746031; ...
          24.673229672821513; 25.184719792678973; 25.69620991253645; 26.207696793002917; ...
          26.71918691286038; 27.230677032717853; 27.742163913184324; 28.253654033041787; ...
          28.765144152899257; 29.276631033365728; 29.788121153223194];

bias = [4.172774839777583E-6 4.172774839777583E-6 -3.1295811307805227E-6 ...
        1.1475130810410959E-5 1.416547248376546E-5 -4.6669192298703453E-6 ...
        -2.6189652617142676E-5];

cal_timesteps = 59;

calibrated = ...
  [0.35983709706643008 0.36162848028638472 0.36236140622512175 0.36311777656986988 ...
   0.36306973475427357 0.3622042134044906 0.36140940960726564;
   0.87131101996892435 0.87326113334760924 0.87397138354938475 0.87465972668324854 ...
   0.87454365765676789 0.87358743335913913 0.87274727808799124;
   1.38280761860838 1.3848937864088335 1.3855813608736478 1.3861790010596657 ...
   1.3860175805592623 1.3849933290507492 1.3841078223056784;
   1.894916462145795 1.8965037637330966 1.8971233109870265 1.8976755996991215 ...
   1.8974688277247953 1.8963992247423591 1.8954683665233656;
   2.4065491152070195 2.4080910653203982 2.4086652611004049 2.4091268468646545 ...
   2.4088973991533664 2.4077370932230848 2.4068062350040913;
   2.9181590925312824 2.9196783669077 2.9201618597398609 2.9205780940301871 ...
   2.9203032948449765 2.91907496170381 2.9176452372716648;
   3.4298144213294686 3.4312203170210784 3.4316584583793168 3.4319839897217972 ...
   3.4316865147996252 3.4304355059214973 3.4289831057523905;
   3.9414243986537314 3.9427395913974959 3.9430870298078879 3.9433672096764458 ...
   3.9430470590173119 3.9412971839260327 3.9403663257070392;
   4.4530343759779951 4.4541908385630293 4.4544929254994985 4.454727753894133 ...
   4.4539087370218473 4.45265772814372 4.4518402486095336;
   4.9646216775652965 4.9656420857285619 4.9658761454541471 4.9655894318986684 ...
   4.965269281239534 4.9640182723614066 4.9633368472489892;
   5.4761863034156368 5.4770253056832106 5.4772366896718339 5.4769499761163551 ...
   5.47660714972026 5.4754468437899781 5.4749241488362905;
   5.9877282535290153 5.9884085256378592 5.9880983676763693 5.9882878445970809 ...
   5.9879676939379474 5.9869207666924726 5.987055668110667;
   6.4992475279054327 6.4997690698555459 6.4999124266332853 6.4996257130778066 ...
   6.4993509138925951 6.4984400410688892 6.49866564543493;
   7.0107894780188111 7.0111296140732335 7.011250295114011 7.0109862572954942 ...
   7.0107341338472438 7.0099819911822685 7.0102982984961546;
   7.5223541038691515 7.52249015829092 7.5225654878577748 7.5223468015131809 ...
   7.5221627052758153 7.5215466170326089 7.5219536272943408;
   8.0339414054564529 8.033873378245568 8.03388068060154 8.0336619942569456 ...
   8.0335459252304631 8.03311124288295 8.0331554413532977;
   8.5455740585176763 8.5453246254111015 8.5452185490822643 8.5454307017399387 ...
   8.5448611179742286 8.5446531929963268 8.5447880944145211;
   9.0572974145267473 9.056866575524479 9.0566471205108368 9.0567232187467415 ...
   9.0561536349810314 9.0561271158988212 9.0563753960018243;
   9.5684765528487432 9.56845387711178 9.5681437191502923 9.5680837629644273 ...
   9.5679676939379465 9.5675783630643547 9.5679400218521629;
   10.080109205909967 10.080086530173006 10.079685669263672 10.079466982919076 ...
   10.07928288668171 10.079006934492925 10.079504647702503;
   10.591741858971192 10.591719183234231 10.59125029511401 10.590872878610687 ...
   10.590620755162437 10.590458181658459 10.591046597815883;
   11.103850702508606 11.103351836295454 11.102814920964351 11.102278774302297 ...
   11.101958623643162 11.101909428823992 11.102611223666223;
   11.615483355569831 11.614961813619718 11.61435687107773 11.613661994256946 ...
   11.612820301647698 11.613474054674331 11.614720067203638;
   12.127093332894093 12.126503763733096 12.125830793980224 12.125022538474632 ...
   12.124203521602347 12.125061356261634 12.1263300445279;
   12.638725985955318 12.638023038109514 12.637282041145758 12.636360406955358 ...
   12.635632093030917 12.637147524062087 12.637962697589126;
   13.150290611805659 13.149496961012007 13.148687936837367 13.147199409222932 ...
   13.147106015933412 13.148802852860273 13.149595350650349;
   13.661855237655999 13.66094820817754 13.660093832528977 13.658537277703656 ...
   13.658670641783752 13.660435505921498 13.661205327974614;
   14.173397187769377 14.172399455343074 14.171477052483626 14.169920497658305 ...
   14.170779485321168 14.172045483245761 14.172815305298876;
   14.684939137882756 14.683805351034684 14.682860272438274 14.68094090582157 ...
   14.68238946264543 14.683678136306986 14.684402606886177;
   15.19641306078525 15.195188570989332 15.194198140919 15.192868343463294 ...
   15.194022115706655 15.195310789368209 15.195989908473479;
   15.707864307950784 15.706571790943981 15.705558685136687 15.704478320787556 ...
   15.705654768767879 15.706875415218549 15.707509182849897;
   16.219292879379356 16.217932335161667 16.216919229354374 16.216609840061931 ...
   16.217287421829106 16.218440041068892 16.219028457226312;
   16.730698775070966 16.729292879379354 16.727735555884987 16.728219817386194 ...
   16.728897399153368 16.730004666919232 16.730525055865769;
   17.242104670762576 17.240630747860081 17.23907342436571 17.239852470447421 ...
   17.24050737647763 17.241546617032611 17.241998978768262;
   17.753510566454185 17.751968616340807 17.750433968583398 17.751485123508644 ...
   17.752117353801893 17.753043215672065 17.753450225933793;
   18.264871110671873 18.262807618608381 18.261839864275007 18.263095100832906 ...
   18.263704655389194 18.264562490048483 18.264901473099329;
   18.776254330626521 18.774145487089104 18.772837596701311 18.774750429631094 ...
   18.77531463271346 18.776059088687941 18.7763300445279;
   19.287592199107245 19.285483355569831 19.284765034343035 19.286383082692318 ...
   19.286901934300761 19.287555687327394 19.28775861595647;
   19.798930067587971 19.796798548313596 19.796306984456415 19.798015735753541 ...
   19.798511911625024 19.799052285966852 19.799209863122;
   20.31031328754262 20.308159092531284 20.307939637517638 20.309625713077804 ...
   20.310099213212325 20.310548884606305 20.310638434550576;
   20.821651156023346 20.819519636748968 20.819572290578865 20.82125836613903 ...
   20.821686514799627 20.822045483245763 20.822067005979147;
   21.333011700241034 21.330902856703617 21.331204943640088 21.332891019200254 ...
   21.333296492123889 21.333564757622181 21.333518253144678;
   21.844372244458718 21.842331428132191 21.843359138651426 21.844546347998438 ...
